

#-------------------------------------------------------------------------------------------------------------------------------------------------------------------
#
# Results of thermal analysis
#------------------------------------------------------------------------------------------------------------------------------------------------------------------------------
#Location, 	 Radius, mm	 Conv. heat	 Conv. heat	 Rad. heat 	 Total heat	     Twg, K	     Twi, K	     Twc, K	      Tc, K	    pc, MPa	    wc, m/s	 rho, kg/m^	                       Comments	 
        mm	           	  coeff., k	  flux, kW/	 flux, kW/m	  flux, kW/	           	           	           	           	           	           	          3	                               	 
          	           	    W/m^2-K	        m^2	         ^2	        m^2	           	           	           	           	           	           	           	                               	 
#------------------------------------------------------------------------------------------------------------------------------------------------------------------------------
    0.0000	    58.0400	     1.0616	  1136.0331	     0.0000	  1136.0331	  2210.1600	  2210.1600	  2203.3800	     0.0000	     0.0000	     0.0000	     0.0000	              radiative cooling	 
    1.4500	    58.0400	     1.0616	  1136.0331	     0.0000	  1136.0331	  2210.1600	  2210.1600	  2203.3800	     0.0000	     0.0000	     0.0000	     0.0000	              radiative cooling	 
    2.8900	    58.0400	     1.0616	  1136.0331	     0.0000	  1136.0331	  2210.1600	  2210.1600	  2203.3800	     0.0000	     0.0000	     0.0000	     0.0000	              radiative cooling	 
    4.3400	    58.0400	     1.0616	  1136.0331	     0.0000	  1136.0331	  2210.1600	  2210.1600	  2203.3800	     0.0000	     0.0000	     0.0000	     0.0000	              radiative cooling	 
    5.7800	    58.0400	     1.0616	  1136.0331	     0.0000	  1136.0331	  2210.1600	  2210.1600	  2203.3800	     0.0000	     0.0000	     0.0000	     0.0000	              radiative cooling	 
    7.2300	    58.0400	     1.0616	  1136.0331	     0.0000	  1136.0331	  2210.1600	  2210.1600	  2203.3800	     0.0000	     0.0000	     0.0000	     0.0000	              radiative cooling	 
    8.6800	    58.0400	     1.0616	  1136.0331	     0.0000	  1136.0331	  2210.1600	  2210.1600	  2203.3800	     0.0000	     0.0000	     0.0000	     0.0000	              radiative cooling	 
   10.1200	    58.0400	     1.0616	  1136.0331	     0.0000	  1136.0331	  2210.1600	  2210.1600	  2203.3800	     0.0000	     0.0000	     0.0000	     0.0000	              radiative cooling	 
   11.5700	    58.0400	     1.0616	  1136.0331	     0.0000	  1136.0331	  2210.1600	  2210.1600	  2203.3800	     0.0000	     0.0000	     0.0000	     0.0000	              radiative cooling	 
   13.0100	    58.0400	     1.0616	  1136.0331	     0.0000	  1136.0331	  2210.1600	  2210.1600	  2203.3800	     0.0000	     0.0000	     0.0000	     0.0000	              radiative cooling	 
   14.4600	    58.0400	     1.0616	  1136.0331	     0.0000	  1136.0331	  2210.1600	  2210.1600	  2203.3800	     0.0000	     0.0000	     0.0000	     0.0000	              radiative cooling	 
   15.9100	    58.0400	     1.0616	  1136.0331	     0.0000	  1136.0331	  2210.1600	  2210.1600	  2203.3800	     0.0000	     0.0000	     0.0000	     0.0000	              radiative cooling	 
   17.3500	    58.0400	     1.0616	  1136.0331	     0.0000	  1136.0331	  2210.1600	  2210.1600	  2203.3800	     0.0000	     0.0000	     0.0000	     0.0000	              radiative cooling	 
   18.8000	    58.0400	     1.0616	  1136.0331	     0.0000	  1136.0331	  2210.1600	  2210.1600	  2203.3800	     0.0000	     0.0000	     0.0000	     0.0000	              radiative cooling	 
   20.2400	    58.0400	     1.0616	  1136.0331	     0.0000	  1136.0331	  2210.1600	  2210.1600	  2203.3800	     0.0000	     0.0000	     0.0000	     0.0000	              radiative cooling	 
   21.6900	    58.0400	     1.0616	  1136.0331	     0.0000	  1136.0331	  2210.1600	  2210.1600	  2203.3800	     0.0000	     0.0000	     0.0000	     0.0000	              radiative cooling	 
   23.1400	    58.0400	     1.0616	  1136.0331	     0.0000	  1136.0331	  2210.1600	  2210.1600	  2203.3800	     0.0000	     0.0000	     0.0000	     0.0000	              radiative cooling	 
   26.5000	    58.0000	     1.0629	  1136.9092	     0.0000	  1136.9092	  2210.6100	  2210.6100	  2203.8100	     0.0000	     0.0000	     0.0000	     0.0000	              radiative cooling	 
   29.8600	    57.8800	     1.0667	  1139.5455	     0.0000	  1139.5455	  2211.9600	  2211.9600	  2205.0800	     0.0000	     0.0000	     0.0000	     0.0000	              radiative cooling	 
   33.2200	    57.6800	     1.0731	  1143.9660	     0.0000	  1143.9660	  2214.2200	  2214.2200	  2207.2200	     0.0000	     0.0000	     0.0000	     0.0000	              radiative cooling	 
   36.5900	    57.4000	     1.0822	  1150.2116	     0.0000	  1150.2116	  2217.4100	  2217.4100	  2210.2300	     0.0000	     0.0000	     0.0000	     0.0000	              radiative cooling	 
   39.9500	    57.0400	     1.0941	  1158.3402	     0.0000	  1158.3402	  2221.5400	  2221.5400	  2214.1200	     0.0000	     0.0000	     0.0000	     0.0000	              radiative cooling	 
   43.3100	    56.5900	     1.1090	  1168.4288	     0.0000	  1168.4288	  2226.6300	  2226.6300	  2218.9300	     0.0000	     0.0000	     0.0000	     0.0000	              radiative cooling	 
   46.6700	    56.0600	     1.1271	  1180.5743	     0.0000	  1180.5743	  2232.7400	  2232.7400	  2224.6700	     0.0000	     0.0000	     0.0000	     0.0000	              radiative cooling	 
   50.0400	    55.4500	     1.1486	  1194.8981	     0.0000	  1194.8981	  2239.8800	  2239.8800	  2231.3900	     0.0000	     0.0000	     0.0000	     0.0000	              radiative cooling	 
   53.4000	    54.7500	     1.1739	  1211.5455	     0.0000	  1211.5455	  2248.1100	  2248.1100	  2239.1200	     0.0000	     0.0000	     0.0000	     0.0000	              radiative cooling	 
   56.7600	    53.9700	     1.2034	  1230.6929	     0.0000	  1230.6929	  2257.4900	  2257.4900	  2247.9100	     0.0000	     0.0000	     0.0000	     0.0000	              radiative cooling	 
   60.1200	    53.0900	     1.2376	  1252.5509	     0.0000	  1252.5509	  2268.0700	  2268.0700	  2257.8300	     0.0000	     0.0000	     0.0000	     0.0000	              radiative cooling	 
   63.4900	    52.1300	     1.2771	  1277.3688	     0.0000	  1277.3688	  2279.9500	  2279.9500	  2268.9300	     0.0000	     0.0000	     0.0000	     0.0000	              radiative cooling	 
   66.8500	    51.0800	     1.3227	  1305.4462	     0.0000	  1305.4462	  2293.2100	  2293.2100	  2281.3000	     0.0000	     0.0000	     0.0000	     0.0000	              radiative cooling	 
   70.2100	    49.9300	     1.3754	  1337.1365	     0.0000	  1337.1365	  2307.9500	  2307.9500	  2295.0200	     0.0000	     0.0000	     0.0000	     0.0000	              radiative cooling	 
   73.5700	    48.6900	     1.4363	  1372.8636	     0.0000	  1372.8636	  2324.3000	  2324.3000	  2310.2000	     0.0000	     0.0000	     0.0000	     0.0000	              radiative cooling	 
   76.9400	    47.3500	     1.5071	  1413.1362	     0.0000	  1413.1362	  2342.4100	  2342.4100	  2326.9600	     0.0000	     0.0000	     0.0000	     0.0000	              radiative cooling	 
   80.3000	    45.9100	     1.5895	  1458.5601	     0.0000	  1458.5601	  2362.4400	  2362.4400	  2345.4400	     0.0000	     0.0000	     0.0000	     0.0000	              radiative cooling	 
   83.6600	    44.3600	     1.6862	  1509.8721	     0.0000	  1509.8721	  2384.5800	  2384.5800	  2365.8000	     0.0000	     0.0000	     0.0000	     0.0000	              radiative cooling	 
   87.0200	    42.7000	     1.8005	  1567.9666	     0.0000	  1567.9666	  2409.0800	  2409.0800	  2388.2300	     0.0000	     0.0000	     0.0000	     0.0000	              radiative cooling	 
   90.3900	    40.9300	     1.9367	  1633.9358	     0.0000	  1633.9358	  2436.2000	  2436.2000	  2412.9700	     0.0000	     0.0000	     0.0000	     0.0000	              radiative cooling	 
   93.7500	    39.0400	     2.1009	  1709.0987	     0.0000	  1709.0987	  2466.2600	  2466.2600	  2440.2500	     0.0000	     0.0000	     0.0000	     0.0000	              radiative cooling	 
   97.1100	    37.1000	     2.2937	  1791.9094	     0.0000	  1791.9094	  2498.4200	  2498.4200	  2469.2900	     0.0000	     0.0000	     0.0000	     0.0000	              radiative cooling	 
  100.4700	    35.1500	     2.5161	  1880.9072	     0.0000	  1880.9072	  2531.9200	  2531.9200	  2499.3900	     0.0000	     0.0000	     0.0000	     0.0000	              radiative cooling	 
  103.8400	    33.2100	     2.7747	  1976.6419	     0.0000	  1976.6419	  2566.8400	  2566.8400	  2530.6000	     0.0000	     0.0000	     0.0000	     0.0000	              radiative cooling	 
  107.2000	    31.2700	     3.0779	  2079.7086	     0.0000	  2079.7086	  2603.2300	  2603.2300	  2562.9700	     0.0000	     0.0000	     0.0000	     0.0000	              radiative cooling	 
  110.5600	    29.3300	     3.4369	  2190.6963	     0.0000	  2190.6963	  2641.1000	  2641.1000	  2596.5000	     0.0000	     0.0000	     0.0000	     0.0000	              radiative cooling	 
  113.9200	    27.3900	     3.8670	  2310.2013	     0.0000	  2310.2013	  2680.4600	  2680.4600	  2631.2100	     0.0000	     0.0000	     0.0000	     0.0000	              radiative cooling	 
  117.2900	    25.4500	     4.3883	  2438.7113	     0.0000	  2438.7113	  2721.2500	  2721.2500	  2667.0600	     0.0000	     0.0000	     0.0000	     0.0000	              radiative cooling	 
  120.6500	    23.5100	     5.0293	  2576.4399	     0.0000	  2576.4399	  2763.2900	  2763.2900	  2703.9400	     0.0000	     0.0000	     0.0000	     0.0000	              radiative cooling	 
  124.0100	    21.5700	     5.8295	  2722.8195	     0.0000	  2722.8195	  2806.1800	  2806.1800	  2741.5600	     0.0000	     0.0000	     0.0000	     0.0000	              radiative cooling	 
  127.3700	    19.6700	     6.8156	  2871.1485	     0.0000	  2871.1485	  2847.8600	  2847.8600	  2778.1500	     0.0000	     0.0000	     0.0000	     0.0000	              radiative cooling	 
  130.7300	    18.2700	     7.7111	  2977.9573	     0.0000	  2977.9573	  2876.8300	  2876.8300	  2803.6400	     0.0000	     0.0000	     0.0000	     0.0000	              radiative cooling	 
  134.1000	    17.3900	     8.3387	  3032.1317	     0.0000	  3032.1317	  2891.2500	  2891.2500	  2816.3000	     0.0000	     0.0000	     0.0000	     0.0000	              radiative cooling	 
  137.4600	    16.9800	     8.6023	  3033.6848	     0.0000	  3033.6848	  2891.8100	  2891.8100	  2816.6600	     0.0000	     0.0000	     0.0000	     0.0000	              radiative cooling	 
  138.8200	    16.9500	     8.5933	  3019.8266	     0.0000	  3019.8266	  2888.2500	  2888.2500	  2813.4400	     0.0000	     0.0000	     0.0000	     0.0000	              radiative cooling	 
  145.5500	    18.8700	     6.7930	  2691.6579	     0.0000	  2691.6579	  2799.4000	  2799.4000	  2733.6800	     0.0000	     0.0000	     0.0000	     0.0000	              radiative cooling	 
  152.2700	    21.0500	     5.4669	  2442.1448	     0.0000	  2442.1448	  2726.0900	  2726.0900	  2668.0000	     0.0000	     0.0000	     0.0000	     0.0000	              radiative cooling	 
  159.0000	    23.1100	     4.5583	  2245.0698	     0.0000	  2245.0698	  2664.1000	  2664.1000	  2612.4600	     0.0000	     0.0000	     0.0000	     0.0000	              radiative cooling	 
  165.7200	    25.0400	     3.9026	  2083.4415	     0.0000	  2083.4415	  2610.2000	  2610.2000	  2564.1200	     0.0000	     0.0000	     0.0000	     0.0000	              radiative cooling	 
  172.4400	    26.8500	     3.4122	  1948.4648	     0.0000	  1948.4648	  2562.8500	  2562.8500	  2521.5400	     0.0000	     0.0000	     0.0000	     0.0000	              radiative cooling	 
  179.1700	    28.5400	     3.0351	  1834.4415	     0.0000	  1834.4415	  2521.0400	  2521.0400	  2483.8100	     0.0000	     0.0000	     0.0000	     0.0000	              radiative cooling	 
  185.8900	    30.1100	     2.7390	  1737.3530	     0.0000	  1737.3530	  2484.0000	  2484.0000	  2450.2700	     0.0000	     0.0000	     0.0000	     0.0000	              radiative cooling	 
  192.6200	    31.5700	     2.5026	  1654.2671	     0.0000	  1654.2671	  2451.1700	  2451.1700	  2420.4400	     0.0000	     0.0000	     0.0000	     0.0000	              radiative cooling	 
  199.3400	    32.9100	     2.3113	  1582.9031	     0.0000	  1582.9031	  2422.0700	  2422.0700	  2393.9000	     0.0000	     0.0000	     0.0000	     0.0000	              radiative cooling	 
  206.0700	    34.1500	     2.1549	  1521.4959	     0.0000	  1521.4959	  2396.3200	  2396.3200	  2370.3400	     0.0000	     0.0000	     0.0000	     0.0000	              radiative cooling	 
  212.7900	    35.2700	     2.0261	  1468.6556	     0.0000	  1468.6556	  2373.6000	  2373.6000	  2349.4800	     0.0000	     0.0000	     0.0000	     0.0000	              radiative cooling	 
  220.5600	    36.4300	     1.9048	  1416.8318	     0.0000	  1416.8318	  2350.7800	  2350.7800	  2328.4800	     0.0000	     0.0000	     0.0000	     0.0000	              radiative cooling	 
#------------------------------------------------------------------------------------------------------------------------------------------------------------------------------
